id	age	gender	trial	decision	n_left	n_right	side	response	accuracy	RT	conf	conf_RT	mode	param
ML02	48	F	1	1	52	48	1	1	0	0.747386	NaN	NaN	range	0.56883
ML02	48	F	1	2	55	44	1	0	1	0.200017	NaN	NaN	range	0.56883
ML02	48	F	2	1	53	47	1	1	0	0.175701	NaN	NaN	range	0.56883
ML02	48	F	2	2	60	40	1	0	1	0.057431	NaN	NaN	range	0.56883
ML02	48	F	3	1	46	54	2	1	1	0.035277	NaN	NaN	range	0.56883
ML02	48	F	3	2	47	53	2	1	1	0.424996	NaN	NaN	range	0.56883
ML02	48	F	4	1	42	58	2	1	1	0.457333	NaN	NaN	range	0.56883
ML02	48	F	4	2	46	54	2	1	1	0.402750	NaN	NaN	range	0.56883
ML02	48	F	5	1	45	54	2	1	1	0.186366	NaN	NaN	range	0.56883
ML02	48	F	5	2	48	52	2	0	0	0.978795	NaN	NaN	range	0.56883
ML02	48	F	6	1	61	39	1	0	1	0.115550	NaN	NaN	range	0.56883
ML02	48	F	6	2	47	53	2	1	1	0.585668	NaN	NaN	range	0.56883
ML02	48	F	7	1	44	55	2	1	1	0.122449	NaN	NaN	range	0.56883
ML02	48	F	7	2	37	62	2	1	1	0.103641	NaN	NaN	range	0.56883
ML02	48	F	8	1	37	63	2	1	1	0.294915	NaN	NaN	range	0.56883
ML02	48	F	8	2	43	57	2	1	1	0.200451	NaN	NaN	range	0.56883
ML02	48	F	9	1	47	52	2	1	1	0.066308	NaN	NaN	range	0.56883
ML02	48	F	9	2	45	54	2	1	1	0.073987	NaN	NaN	range	0.56883
ML02	48	F	10	1	54	46	1	1	0	3.126113	NaN	NaN	range	0.56883
ML02	48	F	10	2	55	44	1	0	1	1.563354	NaN	NaN	range	0.56883
ML02	48	F	11	1	42	58	2	1	1	0.633437	NaN	NaN	range	0.56883
ML02	48	F	11	2	41	59	2	1	1	0.527567	NaN	NaN	range	0.56883
ML02	48	F	12	1	58	41	1	0	1	0.577709	NaN	NaN	range	0.56883
ML02	48	F	12	2	44	56	2	1	1	0.527527	NaN	NaN	range	0.56883
ML02	48	F	13	1	39	61	2	1	1	1.027462	NaN	NaN	range	0.56883
ML02	48	F	13	2	43	56	2	1	1	0.586529	NaN	NaN	range	0.56883
ML02	48	F	14	1	58	41	1	0	1	0.961603	NaN	NaN	range	0.56883
ML02	48	F	14	2	48	52	2	0	0	0.700612	NaN	NaN	range	0.56883
ML02	48	F	15	1	47	53	2	1	1	0.379651	NaN	NaN	range	0.56883
ML02	48	F	15	2	47	52	2	1	1	0.646957	NaN	NaN	range	0.56883
ML02	48	F	16	1	63	37	1	0	1	1.432080	NaN	NaN	range	0.56883
ML02	48	F	16	2	36	63	2	1	1	0.666268	NaN	NaN	range	0.56883
ML02	48	F	17	1	40	60	2	1	1	1.297116	NaN	NaN	range	0.56883
ML02	48	F	17	2	43	56	2	1	1	0.454194	NaN	NaN	range	0.56883
ML02	48	F	18	1	61	38	1	0	1	0.421721	NaN	NaN	range	0.56883
ML02	48	F	18	2	40	59	2	1	1	0.555262	NaN	NaN	range	0.56883
ML02	48	F	19	1	61	39	1	0	1	0.087154	NaN	NaN	range	0.56883
ML02	48	F	19	2	44	55	2	1	1	0.207690	NaN	NaN	range	0.56883
ML02	48	F	20	1	37	63	2	1	1	0.029165	NaN	NaN	range	0.56883
ML02	48	F	20	2	41	58	2	1	1	0.501685	NaN	NaN	range	0.56883
ML02	48	F	21	1	63	37	1	0	1	0.449120	NaN	NaN	range	0.56883
ML02	48	F	21	2	45	55	2	1	1	0.150892	NaN	NaN	range	0.56883
ML02	48	F	22	1	61	39	1	0	1	0.292536	NaN	NaN	range	0.56883
ML02	48	F	22	2	46	54	2	1	1	0.442530	NaN	NaN	range	0.56883
ML02	48	F	23	1	58	41	1	0	1	1.106402	NaN	NaN	range	0.56883
ML02	48	F	23	2	39	61	2	1	1	0.180493	NaN	NaN	range	0.56883
ML02	48	F	24	1	53	47	1	0	1	1.473988	NaN	NaN	range	0.56883
ML02	48	F	24	2	41	58	2	1	1	0.043997	NaN	NaN	range	0.56883
ML02	48	F	25	1	51	49	1	0	1	1.194582	NaN	NaN	range	0.56883
ML02	48	F	25	2	42	58	2	1	1	0.031217	NaN	NaN	range	0.56883
ML02	48	F	26	1	41	58	2	1	1	1.039799	NaN	NaN	range	0.56883
ML02	48	F	26	2	48	51	2	0	0	1.757980	NaN	NaN	range	0.56883
ML02	48	F	27	1	47	52	2	1	1	0.506419	NaN	NaN	range	0.56883
ML02	48	F	27	2	37	62	2	1	1	0.430921	NaN	NaN	range	0.56883
ML02	48	F	28	1	47	53	2	1	1	0.605087	NaN	NaN	range	0.56883
ML02	48	F	28	2	37	63	2	1	1	0.135672	NaN	NaN	range	0.56883
ML02	48	F	29	1	42	58	2	1	1	0.266380	NaN	NaN	range	0.56883
ML02	48	F	29	2	44	55	2	1	1	0.028117	NaN	NaN	range	0.56883
ML02	48	F	30	1	44	56	2	1	1	0.834662	NaN	NaN	range	0.56883
ML02	48	F	30	2	42	58	2	1	1	0.385571	NaN	NaN	range	0.56883
ML02	48	F	31	1	60	39	1	0	1	0.506099	NaN	NaN	range	0.56883
ML02	48	F	31	2	46	54	2	0	0	0.833140	NaN	NaN	range	0.56883
ML02	48	F	32	1	39	60	2	1	1	0.234501	NaN	NaN	range	0.56883
ML02	48	F	32	2	39	61	2	1	1	0.269462	NaN	NaN	range	0.56883
ML02	48	F	33	1	53	47	1	0	1	0.444689	NaN	NaN	range	0.56883
ML02	48	F	33	2	38	61	2	1	1	0.030074	NaN	NaN	range	0.56883
ML02	48	F	34	1	48	51	2	0	0	0.667941	NaN	NaN	range	0.56883
ML02	48	F	34	2	53	47	1	1	0	0.486709	NaN	NaN	range	0.56883
ML02	48	F	35	1	51	48	1	0	1	0.604937	NaN	NaN	range	0.56883
ML02	48	F	35	2	37	63	2	1	1	0.200597	NaN	NaN	range	0.56883
ML02	48	F	36	1	38	62	2	1	1	0.332067	NaN	NaN	range	0.56883
ML02	48	F	36	2	41	59	2	1	1	0.349048	NaN	NaN	range	0.56883
ML02	48	F	37	1	63	36	1	0	1	0.542528	NaN	NaN	range	0.56883
ML02	48	F	37	2	47	52	2	1	1	0.209454	NaN	NaN	range	0.56883
ML02	48	F	38	1	63	37	1	0	1	0.193021	NaN	NaN	range	0.56883
ML02	48	F	38	2	36	63	2	1	1	0.144420	NaN	NaN	range	0.56883
ML02	48	F	39	1	55	44	1	0	1	2.269535	NaN	NaN	range	0.56883
ML02	48	F	39	2	38	61	2	1	1	0.222170	NaN	NaN	range	0.56883
ML02	48	F	40	1	59	40	1	0	1	0.169557	NaN	NaN	range	0.56883
ML02	48	F	40	2	43	57	2	1	1	0.140400	NaN	NaN	range	0.56883
ML02	48	F	41	1	38	61	2	1	1	0.689699	NaN	NaN	range	0.56883
ML02	48	F	41	2	44	56	2	1	1	0.116392	NaN	NaN	range	0.56883
ML02	48	F	42	1	55	45	1	0	1	0.577420	NaN	NaN	range	0.56883
ML02	48	F	42	2	37	62	2	1	1	0.053410	NaN	NaN	range	0.56883
ML02	48	F	43	1	40	60	2	1	1	0.201142	NaN	NaN	range	0.56883
ML02	48	F	43	2	44	55	2	1	1	0.583433	NaN	NaN	range	0.56883
ML02	48	F	44	1	55	45	1	0	1	0.447251	NaN	NaN	range	0.56883
ML02	48	F	44	2	47	53	2	1	1	0.644628	NaN	NaN	range	0.56883
ML02	48	F	45	1	63	36	1	0	1	0.326692	NaN	NaN	range	0.56883
ML02	48	F	45	2	44	56	2	1	1	0.328149	NaN	NaN	range	0.56883
ML02	48	F	46	1	48	52	2	1	1	0.852460	NaN	NaN	range	0.56883
ML02	48	F	46	2	46	53	2	1	1	0.660704	NaN	NaN	range	0.56883
ML02	48	F	47	1	41	59	2	1	1	0.251057	NaN	NaN	range	0.56883
ML02	48	F	47	2	43	57	2	1	1	0.139003	NaN	NaN	range	0.56883
ML02	48	F	48	1	49	51	2	1	1	0.555601	NaN	NaN	range	0.56883
ML02	48	F	48	2	46	53	2	1	1	0.155314	NaN	NaN	range	0.56883
ML02	48	F	49	1	53	47	1	1	0	0.726966	NaN	NaN	range	0.56883
ML02	48	F	49	2	56	44	1	0	1	0.670532	NaN	NaN	range	0.56883
ML02	48	F	50	1	60	39	1	0	1	0.442492	NaN	NaN	range	0.56883
ML02	48	F	50	2	48	52	2	1	1	0.061680	NaN	NaN	range	0.56883
ML02	48	F	51	1	55	44	1	0	1	0.565451	NaN	NaN	range	0.56883
ML02	48	F	51	2	39	60	2	1	1	0.186876	NaN	NaN	range	0.56883
ML02	48	F	52	1	63	36	1	0	1	0.116334	NaN	NaN	range	0.56883
ML02	48	F	52	2	45	55	2	1	1	0.477539	NaN	NaN	range	0.56883
ML02	48	F	53	1	45	54	2	1	1	1.022317	NaN	NaN	range	0.56883
ML02	48	F	53	2	47	52	2	1	1	0.247474	NaN	NaN	range	0.56883
ML02	48	F	54	1	56	44	1	0	1	0.848683	NaN	NaN	range	0.56883
ML02	48	F	54	2	48	52	2	1	1	0.241476	NaN	NaN	range	0.56883
ML02	48	F	55	1	51	48	1	1	0	0.496054	NaN	NaN	range	0.56883
ML02	48	F	55	2	54	46	1	1	0	0.327137	NaN	NaN	range	0.56883
ML02	48	F	56	1	60	40	1	0	1	0.830973	NaN	NaN	range	0.56883
ML02	48	F	56	2	43	56	2	1	1	0.377242	NaN	NaN	range	0.56883
ML02	48	F	57	1	60	40	1	0	1	0.418862	NaN	NaN	range	0.56883
ML02	48	F	57	2	42	58	2	1	1	0.072758	NaN	NaN	range	0.56883
ML02	48	F	58	1	48	51	2	1	1	0.160905	NaN	NaN	range	0.56883
ML02	48	F	58	2	45	55	2	1	1	0.700659	NaN	NaN	range	0.56883
ML02	48	F	59	1	40	60	2	1	1	0.571941	NaN	NaN	range	0.56883
ML02	48	F	59	2	44	56	2	1	1	0.183043	NaN	NaN	range	0.56883
ML02	48	F	60	1	52	47	1	0	1	0.547322	NaN	NaN	range	0.56883
ML02	48	F	60	2	44	56	2	1	1	0.326831	NaN	NaN	range	0.56883
ML02	48	F	61	1	61	38	1	0	1	0.166169	NaN	NaN	range	0.56883
ML02	48	F	61	2	48	51	2	1	1	0.086977	NaN	NaN	range	0.56883
ML02	48	F	62	1	57	43	1	0	1	0.187313	NaN	NaN	range	0.56883
ML02	48	F	62	2	37	62	2	1	1	0.087351	NaN	NaN	range	0.56883
ML02	48	F	63	1	52	48	1	1	0	1.363528	NaN	NaN	range	0.56883
ML02	48	F	63	2	54	46	1	1	0	0.793774	NaN	NaN	range	0.56883
ML02	48	F	64	1	60	40	1	0	1	0.108653	NaN	NaN	range	0.56883
ML02	48	F	64	2	40	60	2	1	1	0.080877	NaN	NaN	range	0.56883
ML02	48	F	65	1	45	54	2	1	1	0.372693	NaN	NaN	range	0.56883
ML02	48	F	65	2	48	51	2	1	1	0.262396	NaN	NaN	range	0.56883
ML02	48	F	66	1	63	36	1	0	1	0.120716	NaN	NaN	range	0.56883
ML02	48	F	66	2	42	58	2	1	1	0.047252	NaN	NaN	range	0.56883
ML02	48	F	67	1	53	46	1	0	1	0.092323	NaN	NaN	range	0.56883
ML02	48	F	67	2	38	61	2	1	1	0.150960	NaN	NaN	range	0.56883
ML02	48	F	68	1	59	41	1	0	1	0.455534	NaN	NaN	range	0.56883
ML02	48	F	68	2	48	51	2	0	0	1.297075	NaN	NaN	range	0.56883
ML02	48	F	69	1	37	63	2	1	1	0.087963	NaN	NaN	range	0.56883
ML02	48	F	69	2	42	57	2	1	1	0.439343	NaN	NaN	range	0.56883
ML02	48	F	70	1	44	56	2	1	1	0.066118	NaN	NaN	range	0.56883
ML02	48	F	70	2	47	52	2	1	1	0.210481	NaN	NaN	range	0.56883
ML02	48	F	71	1	43	56	2	1	1	0.777663	NaN	NaN	range	0.56883
ML02	48	F	71	2	42	57	2	1	1	0.133001	NaN	NaN	range	0.56883
ML02	48	F	72	1	43	57	2	1	1	0.235359	NaN	NaN	range	0.56883
ML02	48	F	72	2	39	60	2	1	1	0.101803	NaN	NaN	range	0.56883
ML02	48	F	73	1	56	44	1	0	1	0.053453	NaN	NaN	range	0.56883
ML02	48	F	73	2	46	53	2	1	1	0.054082	NaN	NaN	range	0.56883
ML02	48	F	74	1	53	46	1	0	1	0.964890	NaN	NaN	range	0.56883
ML02	48	F	74	2	43	56	2	1	1	0.189502	NaN	NaN	range	0.56883
ML02	48	F	75	1	57	42	1	0	1	0.121478	NaN	NaN	range	0.56883
ML02	48	F	75	2	42	57	2	1	1	0.055555	NaN	NaN	range	0.56883
ML02	48	F	76	1	46	53	2	1	1	0.177938	NaN	NaN	range	0.56883
ML02	48	F	76	2	41	58	2	1	1	0.190124	NaN	NaN	range	0.56883
ML02	48	F	77	1	61	38	1	0	1	0.057005	NaN	NaN	range	0.56883
ML02	48	F	77	2	36	63	2	1	1	0.057107	NaN	NaN	range	0.56883
ML02	48	F	78	1	39	60	2	1	1	0.075026	NaN	NaN	range	0.56883
ML02	48	F	78	2	36	64	2	1	1	0.237477	NaN	NaN	range	0.56883
ML02	48	F	79	1	53	46	1	0	1	0.079448	NaN	NaN	range	0.56883
ML02	48	F	79	2	40	59	2	1	1	0.366779	NaN	NaN	range	0.56883
ML02	48	F	80	1	56	44	1	0	1	0.077373	NaN	NaN	range	0.56883
ML02	48	F	80	2	47	53	2	1	1	0.108619	NaN	NaN	range	0.56883
ML02	48	F	81	1	44	55	2	1	1	0.502654	NaN	NaN	range	0.56883
ML02	48	F	81	2	41	58	2	1	1	2.163940	NaN	NaN	range	0.56883
ML02	48	F	82	1	58	41	1	0	1	0.899243	NaN	NaN	range	0.56883
ML02	48	F	82	2	38	61	2	1	1	0.060217	NaN	NaN	range	0.56883
ML02	48	F	83	1	41	58	2	1	1	0.085988	NaN	NaN	range	0.56883
ML02	48	F	83	2	41	58	2	1	1	0.212181	NaN	NaN	range	0.56883
ML02	48	F	84	1	54	46	1	0	1	0.331737	NaN	NaN	range	0.56883
ML02	48	F	84	2	48	51	2	0	0	0.624182	NaN	NaN	range	0.56883
ML02	48	F	85	1	56	44	1	1	0	0.487200	NaN	NaN	range	0.56883
ML02	48	F	85	2	60	40	1	0	1	0.248436	NaN	NaN	range	0.56883
ML02	48	F	86	1	53	46	1	0	1	0.126523	NaN	NaN	range	0.56883
ML02	48	F	86	2	37	62	2	1	1	0.063878	NaN	NaN	range	0.56883
ML02	48	F	87	1	54	46	1	0	1	0.580247	NaN	NaN	range	0.56883
ML02	48	F	87	2	44	56	2	1	1	0.231067	NaN	NaN	range	0.56883
ML02	48	F	88	1	38	62	2	1	1	0.065021	NaN	NaN	range	0.56883
ML02	48	F	88	2	48	52	2	1	1	0.863620	NaN	NaN	range	0.56883
ML02	48	F	89	1	52	48	1	1	0	0.413358	NaN	NaN	range	0.56883
ML02	48	F	89	2	60	39	1	0	1	0.190068	NaN	NaN	range	0.56883
ML02	48	F	90	1	55	44	1	0	1	0.064161	NaN	NaN	range	0.56883
ML02	48	F	90	2	44	56	2	1	1	0.744267	NaN	NaN	range	0.56883
ML02	48	F	91	1	44	56	2	1	1	0.558054	NaN	NaN	range	0.56883
ML02	48	F	91	2	46	54	2	1	1	0.680491	NaN	NaN	range	0.56883
ML02	48	F	92	1	47	52	2	0	0	0.233965	NaN	NaN	range	0.56883
ML02	48	F	92	2	56	44	1	0	1	0.271422	NaN	NaN	range	0.56883
ML02	48	F	93	1	54	46	1	0	1	0.586783	NaN	NaN	range	0.56883
ML02	48	F	93	2	47	52	2	1	1	0.115064	NaN	NaN	range	0.56883
ML02	48	F	94	1	48	52	2	1	1	0.601969	NaN	NaN	range	0.56883
ML02	48	F	94	2	48	51	2	1	1	0.184036	NaN	NaN	range	0.56883
ML02	48	F	95	1	63	37	1	0	1	0.114709	NaN	NaN	range	0.56883
ML02	48	F	95	2	38	61	2	1	1	0.071536	NaN	NaN	range	0.56883
ML02	48	F	96	1	56	43	1	0	1	0.086738	NaN	NaN	range	0.56883
ML02	48	F	96	2	38	62	2	1	1	0.128918	NaN	NaN	range	0.56883
ML02	48	F	97	1	48	52	2	0	0	0.141849	NaN	NaN	range	0.56883
ML02	48	F	97	2	53	47	1	0	1	0.694645	NaN	NaN	range	0.56883
ML02	48	F	98	1	53	46	1	0	1	0.845216	NaN	NaN	range	0.56883
ML02	48	F	98	2	36	63	2	1	1	0.073171	NaN	NaN	range	0.56883
ML02	48	F	99	1	44	55	2	1	1	0.231537	NaN	NaN	range	0.56883
ML02	48	F	99	2	44	56	2	1	1	0.230028	NaN	NaN	range	0.56883
ML02	48	F	100	1	52	47	1	1	0	1.224061	NaN	NaN	range	0.56883
ML02	48	F	100	2	55	44	1	0	1	1.040986	NaN	NaN	range	0.56883
ML02	48	F	101	1	63	37	1	0	1	0.075411	NaN	NaN	range	0.56883
ML02	48	F	101	2	47	53	2	1	1	0.184040	NaN	NaN	range	0.56883
ML02	48	F	102	1	53	47	1	0	1	0.443271	NaN	NaN	range	0.56883
ML02	48	F	102	2	46	54	2	1	1	0.163853	NaN	NaN	range	0.56883
ML02	48	F	103	1	41	58	2	1	1	0.085813	NaN	NaN	range	0.56883
ML02	48	F	103	2	38	62	2	1	1	0.151468	NaN	NaN	range	0.56883
ML02	48	F	104	1	36	63	2	1	1	0.233434	NaN	NaN	range	0.56883
ML02	48	F	104	2	41	59	2	1	1	0.122714	NaN	NaN	range	0.56883
ML02	48	F	105	1	58	41	1	0	1	0.234348	NaN	NaN	range	0.56883
ML02	48	F	105	2	47	53	2	0	0	0.409303	NaN	NaN	range	0.56883
ML02	48	F	106	1	42	57	2	1	1	0.183988	NaN	NaN	range	0.56883
ML02	48	F	106	2	45	55	2	1	1	0.273241	NaN	NaN	range	0.56883
ML02	48	F	107	1	47	52	2	0	0	0.094649	NaN	NaN	range	0.56883
ML02	48	F	107	2	62	38	1	0	1	0.081417	NaN	NaN	range	0.56883
ML02	48	F	108	1	59	40	1	0	1	0.087487	NaN	NaN	range	0.56883
ML02	48	F	108	2	45	55	2	1	1	0.100862	NaN	NaN	range	0.56883
ML02	48	F	109	1	59	41	1	0	1	0.083418	NaN	NaN	range	0.56883
ML02	48	F	109	2	47	52	2	1	1	0.083982	NaN	NaN	range	0.56883
ML02	48	F	110	1	48	51	2	0	0	0.082811	NaN	NaN	range	0.56883
ML02	48	F	110	2	59	40	1	0	1	0.083303	NaN	NaN	range	0.56883
ML02	48	F	111	1	38	61	2	1	1	0.085622	NaN	NaN	range	0.56883
ML02	48	F	111	2	38	61	2	1	1	0.100195	NaN	NaN	range	0.56883
ML02	48	F	112	1	53	46	1	1	0	0.117223	NaN	NaN	range	0.56883
ML02	48	F	112	2	62	38	1	0	1	0.096679	NaN	NaN	range	0.56883
ML02	48	F	113	1	45	55	2	1	1	0.085273	NaN	NaN	range	0.56883
ML02	48	F	113	2	42	57	2	1	1	0.086062	NaN	NaN	range	0.56883
ML02	48	F	114	1	54	45	1	0	1	0.113420	NaN	NaN	range	0.56883
ML02	48	F	114	2	39	61	2	1	1	0.084430	NaN	NaN	range	0.56883
ML02	48	F	115	1	64	36	1	0	1	0.086992	NaN	NaN	range	0.56883
ML02	48	F	115	2	46	53	2	1	1	0.088371	NaN	NaN	range	0.56883
ML02	48	F	116	1	46	53	2	0	0	0.268053	NaN	NaN	range	0.56883
ML02	48	F	116	2	51	49	1	0	1	0.828340	NaN	NaN	range	0.56883
ML02	48	F	117	1	37	62	2	1	1	0.086468	NaN	NaN	range	0.56883
ML02	48	F	117	2	43	57	2	1	1	0.588076	NaN	NaN	range	0.56883
ML02	48	F	118	1	44	55	2	1	1	0.090933	NaN	NaN	range	0.56883
ML02	48	F	118	2	47	52	2	1	1	1.025133	NaN	NaN	range	0.56883
ML02	48	F	119	1	53	47	1	0	1	0.090018	NaN	NaN	range	0.56883
ML02	48	F	119	2	41	58	2	1	1	0.086845	NaN	NaN	range	0.56883
ML02	48	F	120	1	52	48	1	0	1	0.330455	NaN	NaN	range	0.56883
ML02	48	F	120	2	42	57	2	1	1	0.215411	NaN	NaN	range	0.56883
ML02	48	F	121	1	46	54	2	0	0	0.817725	NaN	NaN	range	0.56883
ML02	48	F	121	2	59	41	1	0	1	0.296970	NaN	NaN	range	0.56883
ML02	48	F	122	1	60	39	1	0	1	0.098716	NaN	NaN	range	0.56883
ML02	48	F	122	2	39	60	2	1	1	0.088484	NaN	NaN	range	0.56883
ML02	48	F	123	1	47	52	2	1	1	1.012428	NaN	NaN	range	0.56883
ML02	48	F	123	2	48	52	2	0	0	0.963401	NaN	NaN	range	0.56883
ML02	48	F	124	1	46	53	2	0	0	0.579096	NaN	NaN	range	0.56883
ML02	48	F	124	2	61	39	1	0	1	0.092360	NaN	NaN	range	0.56883
ML02	48	F	125	1	39	60	2	1	1	0.997388	NaN	NaN	range	0.56883
ML02	48	F	125	2	47	53	2	1	1	0.250679	NaN	NaN	range	0.56883
ML02	48	F	126	1	45	54	2	1	1	0.124578	NaN	NaN	range	0.56883
ML02	48	F	126	2	45	55	2	1	1	0.287142	NaN	NaN	range	0.56883
ML02	48	F	127	1	37	63	2	1	1	0.098928	NaN	NaN	range	0.56883
ML02	48	F	127	2	41	58	2	1	1	0.223866	NaN	NaN	range	0.56883
ML02	48	F	128	1	49	51	2	0	0	0.401107	NaN	NaN	range	0.56883
ML02	48	F	128	2	55	45	1	1	0	1.377638	NaN	NaN	range	0.56883
ML02	48	F	129	1	41	58	2	1	1	0.336516	NaN	NaN	range	0.56883
ML02	48	F	129	2	39	60	2	1	1	0.169184	NaN	NaN	range	0.56883
ML02	48	F	130	1	41	59	2	1	1	0.322072	NaN	NaN	range	0.56883
ML02	48	F	130	2	47	52	2	1	1	0.142029	NaN	NaN	range	0.56883
ML02	48	F	131	1	55	44	1	0	1	0.377907	NaN	NaN	range	0.56883
ML02	48	F	131	2	43	57	2	1	1	0.102515	NaN	NaN	range	0.56883
ML02	48	F	132	1	63	36	1	0	1	0.158555	NaN	NaN	range	0.56883
ML02	48	F	132	2	38	62	2	1	1	0.102585	NaN	NaN	range	0.56883
ML02	48	F	133	1	52	47	1	0	1	0.100993	NaN	NaN	range	0.56883
ML02	48	F	133	2	38	62	2	1	1	0.344093	NaN	NaN	range	0.56883
ML02	48	F	134	1	37	62	2	1	1	0.103452	NaN	NaN	range	0.56883
ML02	48	F	134	2	37	62	2	1	1	0.102795	NaN	NaN	range	0.56883
ML02	48	F	135	1	38	61	2	1	1	0.122187	NaN	NaN	range	0.56883
ML02	48	F	135	2	37	62	2	1	1	0.104237	NaN	NaN	range	0.56883
ML02	48	F	136	1	54	46	1	0	1	0.104198	NaN	NaN	range	0.56883
ML02	48	F	136	2	45	54	2	1	1	0.152204	NaN	NaN	range	0.56883
ML02	48	F	137	1	44	55	2	1	1	0.100342	NaN	NaN	range	0.56883
ML02	48	F	137	2	44	55	2	0	0	0.104565	NaN	NaN	range	0.56883
ML02	48	F	138	1	54	46	1	0	1	0.104924	NaN	NaN	range	0.56883
ML02	48	F	138	2	44	55	2	1	1	0.799853	NaN	NaN	range	0.56883
ML02	48	F	139	1	62	37	1	0	1	0.105494	NaN	NaN	range	0.56883
ML02	48	F	139	2	48	51	2	1	1	0.818216	NaN	NaN	range	0.56883
ML02	48	F	140	1	63	37	1	0	1	2.729721	NaN	NaN	range	0.56883
ML02	48	F	140	2	42	58	2	1	1	0.105624	NaN	NaN	range	0.56883
ML02	48	F	141	1	61	39	1	0	1	0.174335	NaN	NaN	range	0.56883
ML02	48	F	141	2	39	61	2	1	1	0.107035	NaN	NaN	range	0.56883
ML02	48	F	142	1	53	46	1	0	1	0.103909	NaN	NaN	range	0.56883
ML02	48	F	142	2	47	52	2	1	1	0.120540	NaN	NaN	range	0.56883
ML02	48	F	143	1	61	38	1	0	1	0.176060	NaN	NaN	range	0.56883
ML02	48	F	143	2	45	54	2	1	1	0.340151	NaN	NaN	range	0.56883
ML02	48	F	144	1	56	44	1	0	1	0.125135	NaN	NaN	range	0.56883
ML02	48	F	144	2	40	59	2	1	1	0.342214	NaN	NaN	range	0.56883
ML02	48	F	145	1	52	48	1	0	1	0.128691	NaN	NaN	range	0.56883
ML02	48	F	145	2	43	57	2	1	1	0.107733	NaN	NaN	range	0.56883
ML02	48	F	146	1	40	59	2	1	1	0.151171	NaN	NaN	range	0.56883
ML02	48	F	146	2	48	51	2	1	1	0.483759	NaN	NaN	range	0.56883
ML02	48	F	147	1	41	58	2	1	1	0.139255	NaN	NaN	range	0.56883
ML02	48	F	147	2	41	59	2	1	1	0.378831	NaN	NaN	range	0.56883
ML02	48	F	148	1	36	63	2	1	1	0.112284	NaN	NaN	range	0.56883
ML02	48	F	148	2	43	57	2	1	1	0.114859	NaN	NaN	range	0.56883
ML02	48	F	149	1	48	51	2	1	1	0.108605	NaN	NaN	range	0.56883
ML02	48	F	149	2	40	60	2	1	1	0.111204	NaN	NaN	range	0.56883
ML02	48	F	150	1	39	61	2	1	1	0.110796	NaN	NaN	range	0.56883
ML02	48	F	150	2	46	53	2	1	1	0.112299	NaN	NaN	range	0.56883
ML02	48	F	151	1	43	57	2	1	1	0.538221	NaN	NaN	range	0.56883
ML02	48	F	151	2	42	57	2	1	1	0.119112	NaN	NaN	range	0.56883
ML02	48	F	152	1	51	48	1	0	1	0.155686	NaN	NaN	range	0.56883
ML02	48	F	152	2	38	61	2	1	1	0.119715	NaN	NaN	range	0.56883
ML02	48	F	153	1	62	38	1	0	1	0.111266	NaN	NaN	range	0.56883
ML02	48	F	153	2	37	62	2	1	1	0.153242	NaN	NaN	range	0.56883
ML02	48	F	154	1	48	52	2	1	1	0.253437	NaN	NaN	range	0.56883
ML02	48	F	154	2	48	52	2	1	1	0.268379	NaN	NaN	range	0.56883
ML02	48	F	155	1	42	58	2	1	1	0.111574	NaN	NaN	range	0.56883
ML02	48	F	155	2	40	59	2	1	1	0.110937	NaN	NaN	range	0.56883
ML02	48	F	156	1	53	47	1	0	1	0.667693	NaN	NaN	range	0.56883
ML02	48	F	156	2	43	56	2	1	1	0.889330	NaN	NaN	range	0.56883
ML02	48	F	157	1	38	61	2	1	1	0.113463	NaN	NaN	range	0.56883
ML02	48	F	157	2	39	60	2	1	1	0.113940	NaN	NaN	range	0.56883
ML02	48	F	158	1	48	51	2	1	1	0.253281	NaN	NaN	range	0.56883
ML02	48	F	158	2	41	58	2	1	1	0.865537	NaN	NaN	range	0.56883
ML02	48	F	159	1	47	53	2	1	1	0.329428	NaN	NaN	range	0.56883
ML02	48	F	159	2	36	63	2	1	1	0.122515	NaN	NaN	range	0.56883
ML02	48	F	160	1	46	53	2	0	0	0.590653	NaN	NaN	range	0.56883
ML02	48	F	160	2	52	48	1	1	0	0.113022	NaN	NaN	range	0.56883
ML02	48	F	161	1	47	53	2	0	0	0.736448	NaN	NaN	range	0.56883
ML02	48	F	161	2	55	45	1	1	0	0.141601	NaN	NaN	range	0.56883
ML02	48	F	162	1	51	49	1	0	1	0.130287	NaN	NaN	range	0.56883
ML02	48	F	162	2	40	59	2	1	1	0.240090	NaN	NaN	range	0.56883
ML02	48	F	163	1	52	47	1	0	1	0.608401	NaN	NaN	range	0.56883
ML02	48	F	163	2	44	55	2	1	1	0.317590	NaN	NaN	range	0.56883
ML02	48	F	164	1	43	56	2	1	1	0.354879	NaN	NaN	range	0.56883
ML02	48	F	164	2	37	62	2	1	1	0.298435	NaN	NaN	range	0.56883
ML02	48	F	165	1	38	61	2	1	1	0.292872	NaN	NaN	range	0.56883
ML02	48	F	165	2	39	60	2	1	1	0.135215	NaN	NaN	range	0.56883
ML02	48	F	166	1	38	61	2	1	1	0.589918	NaN	NaN	range	0.56883
ML02	48	F	166	2	37	62	2	1	1	0.121863	NaN	NaN	range	0.56883
ML02	48	F	167	1	54	45	1	0	1	0.125130	NaN	NaN	range	0.56883
ML02	48	F	167	2	39	61	2	1	1	0.123279	NaN	NaN	range	0.56883
ML02	48	F	168	1	54	46	1	0	1	0.257621	NaN	NaN	range	0.56883
ML02	48	F	168	2	45	55	2	1	1	0.122516	NaN	NaN	range	0.56883
ML02	48	F	169	1	44	56	2	0	0	0.589672	NaN	NaN	range	0.56883
ML02	48	F	169	2	59	41	1	0	1	0.127359	NaN	NaN	range	0.56883
ML02	48	F	170	1	47	53	2	1	1	0.682582	NaN	NaN	range	0.56883
ML02	48	F	170	2	47	53	2	0	0	1.655652	NaN	NaN	range	0.56883
ML02	48	F	171	1	39	60	2	1	1	0.174323	NaN	NaN	range	0.56883
ML02	48	F	171	2	48	52	2	1	1	0.309281	NaN	NaN	range	0.56883
ML02	48	F	172	1	41	58	2	1	1	0.380453	NaN	NaN	range	0.56883
ML02	48	F	172	2	37	62	2	1	1	0.121018	NaN	NaN	range	0.56883
ML02	48	F	173	1	60	40	1	0	1	0.138002	NaN	NaN	range	0.56883
ML02	48	F	173	2	46	54	2	1	1	0.387235	NaN	NaN	range	0.56883
ML02	48	F	174	1	45	55	2	0	0	0.137530	NaN	NaN	range	0.56883
ML02	48	F	174	2	63	36	1	0	1	0.130140	NaN	NaN	range	0.56883
ML02	48	F	175	1	59	40	1	0	1	0.129393	NaN	NaN	range	0.56883
ML02	48	F	175	2	43	56	2	1	1	0.417891	NaN	NaN	range	0.56883
ML02	48	F	176	1	41	59	2	1	1	0.323945	NaN	NaN	range	0.56883
ML02	48	F	176	2	48	52	2	0	0	0.481842	NaN	NaN	range	0.56883
ML02	48	F	177	1	55	44	1	0	1	0.568225	NaN	NaN	range	0.56883
ML02	48	F	177	2	37	62	2	1	1	0.148676	NaN	NaN	range	0.56883
ML02	48	F	178	1	57	42	1	0	1	0.132169	NaN	NaN	range	0.56883
ML02	48	F	178	2	44	55	2	1	1	0.306269	NaN	NaN	range	0.56883
ML02	48	F	179	1	39	61	2	1	1	0.427099	NaN	NaN	range	0.56883
ML02	48	F	179	2	39	60	2	1	1	0.150427	NaN	NaN	range	0.56883
ML02	48	F	180	1	54	46	1	0	1	0.215916	NaN	NaN	range	0.56883
ML02	48	F	180	2	43	57	2	1	1	0.457014	NaN	NaN	range	0.56883
ML02	48	F	181	1	45	54	2	1	1	0.455068	NaN	NaN	range	0.56883
ML02	48	F	181	2	37	63	2	1	1	0.132957	NaN	NaN	range	0.56883
ML02	48	F	182	1	61	38	1	0	1	0.132555	NaN	NaN	range	0.56883
ML02	48	F	182	2	40	60	2	1	1	1.688620	NaN	NaN	range	0.56883
ML02	48	F	183	1	45	54	2	0	0	0.275363	NaN	NaN	range	0.56883
ML02	48	F	183	2	56	43	1	0	1	0.632507	NaN	NaN	range	0.56883
ML02	48	F	184	1	54	45	1	0	1	0.138092	NaN	NaN	range	0.56883
ML02	48	F	184	2	43	56	2	1	1	0.134753	NaN	NaN	range	0.56883
ML02	48	F	185	1	47	53	2	0	0	0.172189	NaN	NaN	range	0.56883
ML02	48	F	185	2	56	43	1	0	1	0.137118	NaN	NaN	range	0.56883
ML02	48	F	186	1	49	51	2	1	1	0.838420	NaN	NaN	range	0.56883
ML02	48	F	186	2	39	60	2	1	1	0.231255	NaN	NaN	range	0.56883
ML02	48	F	187	1	43	56	2	0	0	0.760794	NaN	NaN	range	0.56883
ML02	48	F	187	2	60	40	1	0	1	0.237874	NaN	NaN	range	0.56883
ML02	48	F	188	1	48	52	2	0	0	1.087866	NaN	NaN	range	0.56883
ML02	48	F	188	2	62	38	1	0	1	0.521455	NaN	NaN	range	0.56883
ML02	48	F	189	1	61	39	1	0	1	0.568900	NaN	NaN	range	0.56883
ML02	48	F	189	2	39	61	2	1	1	0.138368	NaN	NaN	range	0.56883
ML02	48	F	190	1	54	45	1	0	1	0.153792	NaN	NaN	range	0.56883
ML02	48	F	190	2	46	54	2	1	1	0.138763	NaN	NaN	range	0.56883
ML02	48	F	191	1	37	62	2	1	1	0.649097	NaN	NaN	range	0.56883
ML02	48	F	191	2	38	62	2	1	1	0.717762	NaN	NaN	range	0.56883
ML02	48	F	192	1	56	43	1	0	1	0.374409	NaN	NaN	range	0.56883
ML02	48	F	192	2	41	59	2	1	1	0.164048	NaN	NaN	range	0.56883
ML02	48	F	193	1	45	54	2	1	1	0.311383	NaN	NaN	range	0.56883
ML02	48	F	193	2	39	60	2	1	1	0.220752	NaN	NaN	range	0.56883
ML02	48	F	194	1	37	62	2	1	1	0.145083	NaN	NaN	range	0.56883
ML02	48	F	194	2	45	54	2	1	1	1.667703	NaN	NaN	range	0.56883
ML02	48	F	195	1	47	52	2	0	0	0.905549	NaN	NaN	range	0.56883
ML02	48	F	195	2	58	41	1	0	1	2.057537	NaN	NaN	range	0.56883
ML02	48	F	196	1	42	57	2	0	0	0.831238	NaN	NaN	range	0.56883
ML02	48	F	196	2	54	46	1	0	1	0.764619	NaN	NaN	range	0.56883
ML02	48	F	197	1	47	53	2	1	1	1.304549	NaN	NaN	range	0.56883
ML02	48	F	197	2	44	55	2	1	1	0.302720	NaN	NaN	range	0.56883
ML02	48	F	198	1	47	52	2	0	0	1.060688	NaN	NaN	range	0.56883
ML02	48	F	198	2	54	45	1	0	1	1.578428	NaN	NaN	range	0.56883
ML02	48	F	199	1	39	61	2	1	1	1.009300	NaN	NaN	range	0.56883
ML02	48	F	199	2	48	51	2	1	1	0.664535	NaN	NaN	range	0.56883
ML02	48	F	200	1	60	40	1	0	1	0.414813	NaN	NaN	range	0.56883
ML02	48	F	200	2	46	54	2	0	0	1.595916	NaN	NaN	range	0.56883
ML02	48	F	201	1	58	42	1	0	1	0.151956	NaN	NaN	range	0.56883
ML02	48	F	201	2	38	61	2	1	1	0.153458	NaN	NaN	range	0.56883
ML02	48	F	202	1	53	46	1	0	1	0.450639	NaN	NaN	range	0.56883
ML02	48	F	202	2	37	62	2	1	1	0.147096	NaN	NaN	range	0.56883
ML02	48	F	203	1	58	42	1	0	1	0.145059	NaN	NaN	range	0.56883
ML02	48	F	203	2	37	63	2	1	1	0.152296	NaN	NaN	range	0.56883
ML02	48	F	204	1	48	51	2	0	0	0.217142	NaN	NaN	range	0.56883
ML02	48	F	204	2	57	42	1	0	1	1.060805	NaN	NaN	range	0.56883
ML02	48	F	205	1	63	37	1	0	1	0.160028	NaN	NaN	range	0.56883
ML02	48	F	205	2	48	52	2	1	1	0.490255	NaN	NaN	range	0.56883
ML02	48	F	206	1	38	61	2	1	1	0.463244	NaN	NaN	range	0.56883
ML02	48	F	206	2	40	60	2	0	0	1.200230	NaN	NaN	range	0.56883
ML02	48	F	207	1	40	60	2	1	1	0.437044	NaN	NaN	range	0.56883
ML02	48	F	207	2	36	63	2	1	1	0.640256	NaN	NaN	range	0.56883
ML02	48	F	208	1	53	46	1	0	1	1.034038	NaN	NaN	range	0.56883
ML02	48	F	208	2	41	59	2	1	1	0.410785	NaN	NaN	range	0.56883
ML02	48	F	209	1	59	41	1	0	1	0.273443	NaN	NaN	range	0.56883
ML02	48	F	209	2	39	60	2	1	1	0.153848	NaN	NaN	range	0.56883
ML02	48	F	210	1	44	56	2	1	1	0.154988	NaN	NaN	range	0.56883
ML02	48	F	210	2	40	59	2	1	1	0.154875	NaN	NaN	range	0.56883
ML02	48	F	211	1	63	36	1	0	1	0.163221	NaN	NaN	range	0.56883
ML02	48	F	211	2	44	55	2	1	1	0.237767	NaN	NaN	range	0.56883
ML02	48	F	212	1	46	53	2	1	1	1.028810	NaN	NaN	range	0.56883
ML02	48	F	212	2	40	60	2	1	1	0.268041	NaN	NaN	range	0.56883
ML02	48	F	213	1	53	47	1	0	1	0.161679	NaN	NaN	range	0.56883
ML02	48	F	213	2	37	62	2	1	1	0.162225	NaN	NaN	range	0.56883
ML02	48	F	214	1	48	52	2	0	0	0.250948	NaN	NaN	range	0.56883
ML02	48	F	214	2	53	46	1	0	1	0.624422	NaN	NaN	range	0.56883
ML02	48	F	215	1	55	45	1	0	1	0.494659	NaN	NaN	range	0.56883
ML02	48	F	215	2	39	60	2	1	1	0.162811	NaN	NaN	range	0.56883
ML02	48	F	216	1	62	38	1	0	1	0.170366	NaN	NaN	range	0.56883
ML02	48	F	216	2	40	60	2	1	1	0.349058	NaN	NaN	range	0.56883
ML02	48	F	217	1	57	42	1	0	1	0.162048	NaN	NaN	range	0.56883
ML02	48	F	217	2	43	57	2	1	1	0.167949	NaN	NaN	range	0.56883
ML02	48	F	218	1	54	45	1	0	1	0.168034	NaN	NaN	range	0.56883
ML02	48	F	218	2	39	60	2	1	1	0.160947	NaN	NaN	range	0.56883
ML02	48	F	219	1	53	46	1	1	0	1.081703	NaN	NaN	range	0.56883
ML02	48	F	219	2	53	46	1	1	0	0.357582	NaN	NaN	range	0.56883
ML02	48	F	220	1	44	55	2	1	1	1.315929	NaN	NaN	range	0.56883
ML02	48	F	220	2	43	57	2	1	1	0.162569	NaN	NaN	range	0.56883
ML02	48	F	221	1	36	63	2	1	1	0.399747	NaN	NaN	range	0.56883
ML02	48	F	221	2	42	57	2	1	1	0.206798	NaN	NaN	range	0.56883
ML02	48	F	222	1	40	59	2	1	1	0.382145	NaN	NaN	range	0.56883
ML02	48	F	222	2	37	63	2	1	1	0.169833	NaN	NaN	range	0.56883
ML02	48	F	223	1	47	52	2	1	1	0.263898	NaN	NaN	range	0.56883
ML02	48	F	223	2	41	58	2	1	1	0.178067	NaN	NaN	range	0.56883
ML02	48	F	224	1	59	41	1	0	1	0.384721	NaN	NaN	range	0.56883
ML02	48	F	224	2	44	55	2	1	1	0.615248	NaN	NaN	range	0.56883
ML02	48	F	225	1	60	39	1	0	1	0.170198	NaN	NaN	range	0.56883
ML02	48	F	225	2	41	59	2	1	1	0.169293	NaN	NaN	range	0.56883
ML02	48	F	226	1	45	55	2	1	1	0.655384	NaN	NaN	range	0.56883
ML02	48	F	226	2	46	53	2	1	1	1.116566	NaN	NaN	range	0.56883
ML02	48	F	227	1	56	43	1	0	1	0.171122	NaN	NaN	range	0.56883
ML02	48	F	227	2	42	58	2	1	1	3.239002	NaN	NaN	range	0.56883
ML02	48	F	228	1	62	38	1	0	1	0.243005	NaN	NaN	range	0.56883
ML02	48	F	228	2	36	63	2	1	1	0.337449	NaN	NaN	range	0.56883
ML02	48	F	229	1	38	62	2	1	1	0.660334	NaN	NaN	range	0.56883
ML02	48	F	229	2	46	54	2	1	1	1.376442	NaN	NaN	range	0.56883
ML02	48	F	230	1	43	57	2	1	1	0.651856	NaN	NaN	range	0.56883
ML02	48	F	230	2	38	62	2	1	1	0.424199	NaN	NaN	range	0.56883
ML02	48	F	231	1	39	60	2	0	0	0.816459	NaN	NaN	range	0.56883
ML02	48	F	231	2	62	37	1	0	1	1.037531	NaN	NaN	range	0.56883
ML02	48	F	232	1	44	55	2	0	0	0.586555	NaN	NaN	range	0.56883
ML02	48	F	232	2	62	37	1	0	1	1.195390	NaN	NaN	range	0.56883
ML02	48	F	233	1	58	41	1	0	1	0.180976	NaN	NaN	range	0.56883
ML02	48	F	233	2	39	60	2	1	1	0.175722	NaN	NaN	range	0.56883
ML02	48	F	234	1	48	51	2	0	0	0.521032	NaN	NaN	range	0.56883
ML02	48	F	234	2	61	39	1	0	1	0.481042	NaN	NaN	range	0.56883
ML02	48	F	235	1	48	52	2	0	0	0.865031	NaN	NaN	range	0.56883
ML02	48	F	235	2	62	37	1	0	1	0.298303	NaN	NaN	range	0.56883
ML02	48	F	236	1	44	55	2	0	0	0.812156	NaN	NaN	range	0.56883
ML02	48	F	236	2	62	38	1	0	1	0.312358	NaN	NaN	range	0.56883
ML02	48	F	237	1	41	58	2	1	1	0.432057	NaN	NaN	range	0.56883
ML02	48	F	237	2	42	57	2	1	1	0.331357	NaN	NaN	range	0.56883
ML02	48	F	238	1	53	47	1	0	1	0.409247	NaN	NaN	range	0.56883
ML02	48	F	238	2	39	61	2	1	1	0.179992	NaN	NaN	range	0.56883
ML02	48	F	239	1	61	38	1	0	1	0.179342	NaN	NaN	range	0.56883
ML02	48	F	239	2	37	63	2	1	1	0.178334	NaN	NaN	range	0.56883
ML02	48	F	240	1	60	39	1	0	1	0.187987	NaN	NaN	range	0.56883
ML02	48	F	240	2	38	61	2	1	1	0.183011	NaN	NaN	range	0.56883
ML02	48	F	241	1	58	41	1	0	1	0.229313	NaN	NaN	range	0.56883
ML02	48	F	241	2	47	52	2	1	1	0.716035	NaN	NaN	range	0.56883
ML02	48	F	242	1	41	58	2	1	1	0.720569	NaN	NaN	range	0.56883
ML02	48	F	242	2	37	63	2	1	1	0.275103	NaN	NaN	range	0.56883
ML02	48	F	243	1	57	42	1	0	1	0.204875	NaN	NaN	range	0.56883
ML02	48	F	243	2	39	61	2	1	1	0.189300	NaN	NaN	range	0.56883
ML02	48	F	244	1	56	43	1	0	1	0.190821	NaN	NaN	range	0.56883
ML02	48	F	244	2	38	62	2	1	1	3.347111	NaN	NaN	range	0.56883
ML02	48	F	245	1	58	42	1	0	1	0.194236	NaN	NaN	range	0.56883
ML02	48	F	245	2	37	62	2	1	1	0.195897	NaN	NaN	range	0.56883
ML02	48	F	246	1	58	42	1	0	1	0.188997	NaN	NaN	range	0.56883
ML02	48	F	246	2	42	58	2	1	1	0.439610	NaN	NaN	range	0.56883
ML02	48	F	247	1	59	40	1	0	1	0.189009	NaN	NaN	range	0.56883
ML02	48	F	247	2	40	60	2	1	1	0.604186	NaN	NaN	range	0.56883
ML02	48	F	248	1	40	59	2	1	1	0.187361	NaN	NaN	range	0.56883
ML02	48	F	248	2	39	60	2	1	1	0.512101	NaN	NaN	range	0.56883
ML02	48	F	249	1	38	61	2	1	1	0.191415	NaN	NaN	range	0.56883
ML02	48	F	249	2	46	53	2	1	1	1.392309	NaN	NaN	range	0.56883
ML02	48	F	250	1	45	54	2	1	1	0.444750	NaN	NaN	range	0.56883
ML02	48	F	250	2	45	55	2	1	1	0.527217	NaN	NaN	range	0.56883
ML02	48	F	251	1	53	46	1	0	1	0.228621	NaN	NaN	range	0.56883
ML02	48	F	251	2	45	54	2	1	1	1.717000	NaN	NaN	range	0.56883
ML02	48	F	252	1	37	63	2	1	1	0.215141	NaN	NaN	range	0.56883
ML02	48	F	252	2	42	58	2	1	1	0.211520	NaN	NaN	range	0.56883
ML02	48	F	253	1	62	37	1	0	1	0.195048	NaN	NaN	range	0.56883
ML02	48	F	253	2	45	55	2	1	1	0.705754	NaN	NaN	range	0.56883
ML02	48	F	254	1	42	58	2	1	1	0.591597	NaN	NaN	range	0.56883
ML02	48	F	254	2	36	63	2	1	1	0.278943	NaN	NaN	range	0.56883
ML02	48	F	255	1	54	46	1	0	1	0.634424	NaN	NaN	range	0.56883
ML02	48	F	255	2	42	57	2	1	1	0.196021	NaN	NaN	range	0.56883
ML02	48	F	256	1	62	38	1	0	1	0.195590	NaN	NaN	range	0.56883
ML02	48	F	256	2	44	55	2	1	1	0.201438	NaN	NaN	range	0.56883
ML02	48	F	257	1	53	46	1	0	1	0.198944	NaN	NaN	range	0.56883
ML02	48	F	257	2	48	51	2	1	1	0.472389	NaN	NaN	range	0.56883
ML02	48	F	258	1	47	52	2	0	0	0.251875	NaN	NaN	range	0.56883
ML02	48	F	258	2	60	40	1	0	1	1.395647	NaN	NaN	range	0.56883
ML02	48	F	259	1	41	58	2	1	1	1.234635	NaN	NaN	range	0.56883
ML02	48	F	259	2	43	56	2	1	1	0.558605	NaN	NaN	range	0.56883
ML02	48	F	260	1	54	46	1	0	1	0.646257	NaN	NaN	range	0.56883
ML02	48	F	260	2	37	63	2	1	1	0.205393	NaN	NaN	range	0.56883
ML02	48	F	261	1	36	63	2	1	1	0.485099	NaN	NaN	range	0.56883
ML02	48	F	261	2	41	58	2	1	1	0.486503	NaN	NaN	range	0.56883
ML02	48	F	262	1	61	38	1	0	1	0.205505	NaN	NaN	range	0.56883
ML02	48	F	262	2	40	59	2	1	1	0.204520	NaN	NaN	range	0.56883
ML02	48	F	263	1	42	58	2	1	1	0.606280	NaN	NaN	range	0.56883
ML02	48	F	263	2	37	62	2	1	1	0.272279	NaN	NaN	range	0.56883
ML02	48	F	264	1	53	46	1	0	1	0.244461	NaN	NaN	range	0.56883
ML02	48	F	264	2	43	57	2	1	1	0.455265	NaN	NaN	range	0.56883
ML02	48	F	265	1	63	37	1	0	1	0.210102	NaN	NaN	range	0.56883
ML02	48	F	265	2	43	57	2	1	1	0.292829	NaN	NaN	range	0.56883
ML02	48	F	266	1	42	57	2	0	0	0.674507	NaN	NaN	range	0.56883
ML02	48	F	266	2	51	48	1	1	0	0.423775	NaN	NaN	range	0.56883
ML02	48	F	267	1	38	62	2	1	1	0.206842	NaN	NaN	range	0.56883
ML02	48	F	267	2	47	53	2	1	1	0.647968	NaN	NaN	range	0.56883
ML02	48	F	268	1	36	63	2	1	1	0.210546	NaN	NaN	range	0.56883
ML02	48	F	268	2	36	64	2	1	1	0.208867	NaN	NaN	range	0.56883
ML02	48	F	269	1	36	64	2	1	1	0.209284	NaN	NaN	range	0.56883
ML02	48	F	269	2	44	56	2	1	1	0.217082	NaN	NaN	range	0.56883
ML02	48	F	270	1	40	60	2	1	1	0.202965	NaN	NaN	range	0.56883
ML02	48	F	270	2	39	60	2	1	1	0.363354	NaN	NaN	range	0.56883
ML02	48	F	271	1	40	59	2	1	1	0.487129	NaN	NaN	range	0.56883
ML02	48	F	271	2	47	52	2	0	0	0.916299	NaN	NaN	range	0.56883
ML02	48	F	272	1	47	52	2	0	0	0.537569	NaN	NaN	range	0.56883
ML02	48	F	272	2	62	38	1	0	1	1.290316	NaN	NaN	range	0.56883
ML02	48	F	273	1	42	58	2	0	0	0.515069	NaN	NaN	range	0.56883
ML02	48	F	273	2	55	45	1	0	1	0.735192	NaN	NaN	range	0.56883
ML02	48	F	274	1	38	62	2	1	1	0.438768	NaN	NaN	range	0.56883
ML02	48	F	274	2	40	59	2	1	1	0.218934	NaN	NaN	range	0.56883
ML02	48	F	275	1	53	47	1	0	1	1.080969	NaN	NaN	range	0.56883
ML02	48	F	275	2	39	60	2	1	1	0.294262	NaN	NaN	range	0.56883
ML02	48	F	276	1	39	61	2	1	1	0.434275	NaN	NaN	range	0.56883
ML02	48	F	276	2	47	53	2	1	1	0.661177	NaN	NaN	range	0.56883
ML02	48	F	277	1	56	44	1	0	1	0.220405	NaN	NaN	range	0.56883
ML02	48	F	277	2	42	58	2	1	1	0.319572	NaN	NaN	range	0.56883
ML02	48	F	278	1	57	43	1	0	1	0.220152	NaN	NaN	range	0.56883
ML02	48	F	278	2	38	62	2	1	1	4.066736	NaN	NaN	range	0.56883
ML02	48	F	279	1	48	52	2	0	0	0.433860	NaN	NaN	range	0.56883
ML02	48	F	279	2	62	37	1	0	1	0.763426	NaN	NaN	range	0.56883
ML02	48	F	280	1	52	47	1	0	1	0.489219	NaN	NaN	range	0.56883
ML02	48	F	280	2	37	63	2	1	1	0.327800	NaN	NaN	range	0.56883
ML02	48	F	281	1	62	38	1	0	1	0.483251	NaN	NaN	range	0.56883
ML02	48	F	281	2	39	61	2	1	1	0.308547	NaN	NaN	range	0.56883
ML02	48	F	282	1	61	39	1	0	1	0.609615	NaN	NaN	range	0.56883
ML02	48	F	282	2	37	63	2	1	1	0.471925	NaN	NaN	range	0.56883
ML02	48	F	283	1	43	56	2	0	0	0.665328	NaN	NaN	range	0.56883
ML02	48	F	283	2	58	42	1	0	1	0.615306	NaN	NaN	range	0.56883
ML02	48	F	284	1	60	39	1	0	1	0.221930	NaN	NaN	range	0.56883
ML02	48	F	284	2	46	54	2	1	1	0.249993	NaN	NaN	range	0.56883
ML02	48	F	285	1	37	62	2	1	1	0.557303	NaN	NaN	range	0.56883
ML02	48	F	285	2	45	54	2	1	1	0.512796	NaN	NaN	range	0.56883
ML02	48	F	286	1	47	53	2	0	0	0.550861	NaN	NaN	range	0.56883
ML02	48	F	286	2	56	43	1	0	1	0.774873	NaN	NaN	range	0.56883
ML02	48	F	287	1	59	41	1	0	1	0.501564	NaN	NaN	range	0.56883
ML02	48	F	287	2	42	58	2	1	1	0.495212	NaN	NaN	range	0.56883
ML02	48	F	288	1	60	40	1	0	1	0.392226	NaN	NaN	range	0.56883
ML02	48	F	288	2	44	56	2	1	1	0.429437	NaN	NaN	range	0.56883
ML02	48	F	289	1	52	47	1	0	1	0.233668	NaN	NaN	range	0.56883
ML02	48	F	289	2	44	56	2	1	1	0.279886	NaN	NaN	range	0.56883
ML02	48	F	290	1	63	37	1	0	1	2.683792	NaN	NaN	range	0.56883
ML02	48	F	290	2	48	52	2	1	1	0.402191	NaN	NaN	range	0.56883
ML02	48	F	291	1	45	54	2	1	1	0.507259	NaN	NaN	range	0.56883
ML02	48	F	291	2	37	62	2	1	1	0.322317	NaN	NaN	range	0.56883
ML02	48	F	292	1	59	40	1	0	1	0.264963	NaN	NaN	range	0.56883
ML02	48	F	292	2	41	58	2	1	1	0.235316	NaN	NaN	range	0.56883
ML02	48	F	293	1	61	38	1	0	1	0.436498	NaN	NaN	range	0.56883
ML02	48	F	293	2	43	56	2	1	1	0.415553	NaN	NaN	range	0.56883
ML02	48	F	294	1	42	57	2	1	1	0.436638	NaN	NaN	range	0.56883
ML02	48	F	294	2	41	59	2	1	1	0.440664	NaN	NaN	range	0.56883
ML02	48	F	295	1	56	44	1	0	1	0.485881	NaN	NaN	range	0.56883
ML02	48	F	295	2	44	55	2	1	1	0.419464	NaN	NaN	range	0.56883
ML02	48	F	296	1	55	45	1	0	1	0.415363	NaN	NaN	range	0.56883
ML02	48	F	296	2	37	62	2	1	1	0.302894	NaN	NaN	range	0.56883
ML02	48	F	297	1	51	48	1	0	1	0.433990	NaN	NaN	range	0.56883
ML02	48	F	297	2	40	60	2	1	1	0.249130	NaN	NaN	range	0.56883
ML02	48	F	298	1	59	40	1	0	1	0.274416	NaN	NaN	range	0.56883
ML02	48	F	298	2	41	59	2	1	1	0.539763	NaN	NaN	range	0.56883
ML02	48	F	299	1	48	52	2	0	0	0.550656	NaN	NaN	range	0.56883
ML02	48	F	299	2	52	48	1	0	1	1.786158	NaN	NaN	range	0.56883
ML02	48	F	300	1	43	57	2	1	1	0.615275	NaN	NaN	range	0.56883
ML02	48	F	300	2	41	58	2	1	1	0.482390	NaN	NaN	range	0.56883
ML02	48	F	301	1	41	58	2	1	1	0.442536	NaN	NaN	range	0.56883
ML02	48	F	301	2	44	56	2	1	1	0.556057	NaN	NaN	range	0.56883
ML02	48	F	302	1	52	47	1	0	1	0.514209	NaN	NaN	range	0.56883
ML02	48	F	302	2	44	56	2	1	1	0.497318	NaN	NaN	range	0.56883
ML02	48	F	303	1	61	39	1	0	1	0.664862	NaN	NaN	range	0.56883
ML02	48	F	303	2	43	57	2	1	1	0.358029	NaN	NaN	range	0.56883
ML02	48	F	304	1	60	39	1	0	1	0.419389	NaN	NaN	range	0.56883
ML02	48	F	304	2	43	57	2	1	1	0.830944	NaN	NaN	range	0.56883
ML02	48	F	305	1	44	55	2	1	1	0.463920	NaN	NaN	range	0.56883
ML02	48	F	305	2	38	61	2	1	1	0.260409	NaN	NaN	range	0.56883
ML02	48	F	306	1	51	48	1	0	1	0.566788	NaN	NaN	range	0.56883
ML02	48	F	306	2	41	58	2	1	1	0.368278	NaN	NaN	range	0.56883
ML02	48	F	307	1	58	42	1	0	1	0.413294	NaN	NaN	range	0.56883
ML02	48	F	307	2	44	55	2	1	1	0.726628	NaN	NaN	range	0.56883
ML02	48	F	308	1	44	56	2	1	1	0.426936	NaN	NaN	range	0.56883
ML02	48	F	308	2	45	55	2	1	1	0.254929	NaN	NaN	range	0.56883
ML02	48	F	309	1	56	43	1	0	1	0.306015	NaN	NaN	range	0.56883
ML02	48	F	309	2	47	53	2	1	1	0.515419	NaN	NaN	range	0.56883
ML02	48	F	310	1	52	47	1	0	1	1.276634	NaN	NaN	range	0.56883
ML02	48	F	310	2	37	62	2	1	1	0.403024	NaN	NaN	range	0.56883
ML02	48	F	311	1	52	47	1	0	1	0.519318	NaN	NaN	range	0.56883
ML02	48	F	311	2	43	57	2	1	1	0.771017	NaN	NaN	range	0.56883
ML02	48	F	312	1	42	58	2	1	1	0.253877	NaN	NaN	range	0.56883
ML02	48	F	312	2	42	58	2	1	1	0.580422	NaN	NaN	range	0.56883
ML02	48	F	313	1	61	39	1	0	1	0.436973	NaN	NaN	range	0.56883
ML02	48	F	313	2	42	57	2	1	1	0.378384	NaN	NaN	range	0.56883
ML02	48	F	314	1	61	39	1	0	1	3.235411	NaN	NaN	range	0.56883
ML02	48	F	314	2	45	54	2	1	1	0.512887	NaN	NaN	range	0.56883
ML02	48	F	315	1	51	49	1	0	1	0.680468	NaN	NaN	range	0.56883
ML02	48	F	315	2	46	53	2	1	1	0.390766	NaN	NaN	range	0.56883
ML02	48	F	316	1	38	61	2	1	1	0.342795	NaN	NaN	range	0.56883
ML02	48	F	316	2	38	61	2	1	1	0.260364	NaN	NaN	range	0.56883
ML02	48	F	317	1	45	55	2	0	0	0.704084	NaN	NaN	range	0.56883
ML02	48	F	317	2	52	48	1	0	1	1.119896	NaN	NaN	range	0.56883
ML02	48	F	318	1	38	61	2	1	1	0.551154	NaN	NaN	range	0.56883
ML02	48	F	318	2	42	57	2	1	1	0.395792	NaN	NaN	range	0.56883
ML02	48	F	319	1	45	55	2	0	0	0.609337	NaN	NaN	range	0.56883
ML02	48	F	319	2	53	47	1	1	0	0.578522	NaN	NaN	range	0.56883
ML02	48	F	320	1	51	48	1	0	1	1.004310	NaN	NaN	range	0.56883
ML02	48	F	320	2	43	57	2	1	1	0.698822	NaN	NaN	range	0.56883
ML02	48	F	321	1	40	59	2	1	1	0.889148	NaN	NaN	range	0.56883
ML02	48	F	321	2	39	61	2	1	1	1.008065	NaN	NaN	range	0.56883
ML02	48	F	322	1	45	55	2	1	1	0.461674	NaN	NaN	range	0.56883
ML02	48	F	322	2	47	53	2	1	1	0.392090	NaN	NaN	range	0.56883
ML02	48	F	323	1	61	38	1	0	1	0.315848	NaN	NaN	range	0.56883
ML02	48	F	323	2	43	56	2	1	1	0.299365	NaN	NaN	range	0.56883
ML02	48	F	324	1	48	51	2	0	0	0.536881	NaN	NaN	range	0.56883
ML02	48	F	324	2	59	40	1	0	1	0.278030	NaN	NaN	range	0.56883
ML02	48	F	325	1	53	46	1	0	1	0.275562	NaN	NaN	range	0.56883
ML02	48	F	325	2	48	52	2	1	1	0.787731	NaN	NaN	range	0.56883
ML02	48	F	326	1	52	48	1	0	1	0.311732	NaN	NaN	range	0.56883
ML02	48	F	326	2	39	61	2	1	1	0.306774	NaN	NaN	range	0.56883
ML02	48	F	327	1	42	58	2	0	0	0.482772	NaN	NaN	range	0.56883
ML02	48	F	327	2	61	39	1	0	1	0.264027	NaN	NaN	range	0.56883
ML02	48	F	328	1	58	41	1	0	1	0.276533	NaN	NaN	range	0.56883
ML02	48	F	328	2	46	54	2	1	1	0.277048	NaN	NaN	range	0.56883
ML02	48	F	329	1	59	41	1	0	1	2.879509	NaN	NaN	range	0.56883
ML02	48	F	329	2	42	58	2	1	1	0.516312	NaN	NaN	range	0.56883
ML02	48	F	330	1	52	47	1	0	1	0.426553	NaN	NaN	range	0.56883
ML02	48	F	330	2	45	54	2	1	1	0.304093	NaN	NaN	range	0.56883
ML02	48	F	331	1	47	53	2	1	1	0.707378	NaN	NaN	range	0.56883
ML02	48	F	331	2	45	54	2	1	1	0.434360	NaN	NaN	range	0.56883
ML02	48	F	332	1	37	63	2	1	1	0.291916	NaN	NaN	range	0.56883
ML02	48	F	332	2	45	54	2	1	1	0.324175	NaN	NaN	range	0.56883
ML02	48	F	333	1	55	45	1	0	1	2.717295	NaN	NaN	range	0.56883
ML02	48	F	333	2	42	57	2	1	1	0.787265	NaN	NaN	range	0.56883
ML02	48	F	334	1	38	62	2	1	1	0.491637	NaN	NaN	range	0.56883
ML02	48	F	334	2	45	55	2	1	1	0.416883	NaN	NaN	range	0.56883
ML02	48	F	335	1	53	46	1	0	1	0.516811	NaN	NaN	range	0.56883
ML02	48	F	335	2	36	63	2	1	1	0.375036	NaN	NaN	range	0.56883
ML02	48	F	336	1	45	54	2	1	1	1.140109	NaN	NaN	range	0.56883
ML02	48	F	336	2	43	56	2	1	1	0.495925	NaN	NaN	range	0.56883
ML02	48	F	337	1	60	39	1	0	1	0.407597	NaN	NaN	range	0.56883
ML02	48	F	337	2	46	54	2	1	1	0.320592	NaN	NaN	range	0.56883
ML02	48	F	338	1	43	57	2	1	1	0.289232	NaN	NaN	range	0.56883
ML02	48	F	338	2	48	51	2	0	0	0.637612	NaN	NaN	range	0.56883
ML02	48	F	339	1	41	59	2	1	1	0.417112	NaN	NaN	range	0.56883
ML02	48	F	339	2	47	53	2	0	0	0.682085	NaN	NaN	range	0.56883
ML02	48	F	340	1	48	51	2	0	0	0.518192	NaN	NaN	range	0.56883
ML02	48	F	340	2	53	47	1	0	1	0.361714	NaN	NaN	range	0.56883
ML02	48	F	341	1	38	61	2	1	1	0.476731	NaN	NaN	range	0.56883
ML02	48	F	341	2	45	54	2	1	1	0.579220	NaN	NaN	range	0.56883
ML02	48	F	342	1	40	60	2	1	1	0.375863	NaN	NaN	range	0.56883
ML02	48	F	342	2	43	56	2	1	1	4.164546	NaN	NaN	range	0.56883
ML02	48	F	343	1	40	59	2	1	1	0.293492	NaN	NaN	range	0.56883
ML02	48	F	343	2	47	53	2	1	1	0.484264	NaN	NaN	range	0.56883
ML02	48	F	344	1	59	40	1	0	1	0.511362	NaN	NaN	range	0.56883
ML02	48	F	344	2	43	57	2	1	1	2.992002	NaN	NaN	range	0.56883
ML02	48	F	345	1	41	58	2	1	1	0.359591	NaN	NaN	range	0.56883
ML02	48	F	345	2	44	55	2	1	1	0.563556	NaN	NaN	range	0.56883
ML02	48	F	346	1	41	58	2	1	1	0.344615	NaN	NaN	range	0.56883
ML02	48	F	346	2	47	52	2	1	1	0.332958	NaN	NaN	range	0.56883
ML02	48	F	347	1	36	63	2	1	1	4.663280	NaN	NaN	range	0.56883
ML02	48	F	347	2	40	59	2	1	1	0.305474	NaN	NaN	range	0.56883
ML02	48	F	348	1	62	37	1	0	1	4.930784	NaN	NaN	range	0.56883
ML02	48	F	348	2	45	54	2	1	1	0.503574	NaN	NaN	range	0.56883
ML02	48	F	349	1	53	47	1	1	0	0.766205	NaN	NaN	range	0.56883
ML02	48	F	349	2	59	41	1	0	1	2.148781	NaN	NaN	range	0.56883
ML02	48	F	350	1	44	56	2	1	1	0.310989	NaN	NaN	range	0.56883
ML02	48	F	350	2	37	63	2	1	1	0.557557	NaN	NaN	range	0.56883
ML02	48	F	351	1	58	41	1	0	1	0.499349	NaN	NaN	range	0.56883
ML02	48	F	351	2	49	51	2	1	1	0.558831	NaN	NaN	range	0.56883
ML02	48	F	352	1	44	55	2	1	1	0.651600	NaN	NaN	range	0.56883
ML02	48	F	352	2	47	53	2	1	1	0.421899	NaN	NaN	range	0.56883
ML02	48	F	353	1	52	48	1	0	1	0.671609	NaN	NaN	range	0.56883
ML02	48	F	353	2	47	53	2	0	0	1.280134	NaN	NaN	range	0.56883
ML02	48	F	354	1	56	44	1	0	1	0.307966	NaN	NaN	range	0.56883
ML02	48	F	354	2	37	62	2	1	1	5.287842	NaN	NaN	range	0.56883
ML02	48	F	355	1	47	52	2	0	0	0.673488	NaN	NaN	range	0.56883
ML02	48	F	355	2	57	42	1	0	1	0.696937	NaN	NaN	range	0.56883
ML02	48	F	356	1	60	40	1	0	1	1.297938	NaN	NaN	range	0.56883
ML02	48	F	356	2	40	60	2	1	1	0.512912	NaN	NaN	range	0.56883
ML02	48	F	357	1	44	56	2	1	1	0.584174	NaN	NaN	range	0.56883
ML02	48	F	357	2	47	53	2	1	1	0.518789	NaN	NaN	range	0.56883
ML02	48	F	358	1	43	56	2	1	1	0.476719	NaN	NaN	range	0.56883
ML02	48	F	358	2	46	54	2	1	1	0.528948	NaN	NaN	range	0.56883
ML02	48	F	359	1	60	40	1	0	1	0.307710	NaN	NaN	range	0.56883
ML02	48	F	359	2	37	62	2	1	1	0.321319	NaN	NaN	range	0.56883
ML02	48	F	360	1	45	54	2	1	1	0.311030	NaN	NaN	range	0.56883
ML02	48	F	360	2	44	55	2	1	1	0.446838	NaN	NaN	range	0.56883
ML02	48	F	361	1	36	63	2	1	1	0.326569	NaN	NaN	range	0.56883
ML02	48	F	361	2	46	53	2	0	0	0.349256	NaN	NaN	range	0.56883
ML02	48	F	362	1	51	48	1	0	1	0.488058	NaN	NaN	range	0.56883
ML02	48	F	362	2	40	59	2	1	1	0.416830	NaN	NaN	range	0.56883
ML02	48	F	363	1	58	42	1	0	1	0.326107	NaN	NaN	range	0.56883
ML02	48	F	363	2	45	55	2	1	1	3.406856	NaN	NaN	range	0.56883
ML02	48	F	364	1	62	38	1	0	1	0.485601	NaN	NaN	range	0.56883
ML02	48	F	364	2	45	55	2	1	1	0.649361	NaN	NaN	range	0.56883
ML02	48	F	365	1	58	41	1	0	1	0.401385	NaN	NaN	range	0.56883
ML02	48	F	365	2	40	59	2	1	1	2.188922	NaN	NaN	range	0.56883
ML02	48	F	366	1	58	42	1	0	1	0.505182	NaN	NaN	range	0.56883
ML02	48	F	366	2	42	57	2	1	1	0.427018	NaN	NaN	range	0.56883
ML02	48	F	367	1	39	60	2	1	1	0.538993	NaN	NaN	range	0.56883
ML02	48	F	367	2	43	56	2	1	1	0.630720	NaN	NaN	range	0.56883
ML02	48	F	368	1	44	56	2	0	0	0.669461	NaN	NaN	range	0.56883
ML02	48	F	368	2	59	40	1	0	1	0.531295	NaN	NaN	range	0.56883
ML02	48	F	369	1	39	60	2	1	1	0.472572	NaN	NaN	range	0.56883
ML02	48	F	369	2	41	59	2	1	1	0.572063	NaN	NaN	range	0.56883
ML02	48	F	370	1	43	57	2	0	0	0.778983	NaN	NaN	range	0.56883
ML02	48	F	370	2	60	40	1	0	1	0.816086	NaN	NaN	range	0.56883
ML02	48	F	371	1	58	42	1	0	1	0.447517	NaN	NaN	range	0.56883
ML02	48	F	371	2	36	63	2	1	1	0.471499	NaN	NaN	range	0.56883
ML02	48	F	372	1	53	46	1	0	1	0.377570	NaN	NaN	range	0.56883
ML02	48	F	372	2	39	60	2	1	1	2.789697	NaN	NaN	range	0.56883
ML02	48	F	373	1	60	40	1	0	1	0.459996	NaN	NaN	range	0.56883
ML02	48	F	373	2	46	53	2	1	1	0.398017	NaN	NaN	range	0.56883
ML02	48	F	374	1	51	48	1	0	1	0.480979	NaN	NaN	range	0.56883
ML02	48	F	374	2	46	54	2	1	1	0.337960	NaN	NaN	range	0.56883
ML02	48	F	375	1	58	41	1	0	1	1.480138	NaN	NaN	range	0.56883
ML02	48	F	375	2	44	56	2	1	1	0.462067	NaN	NaN	range	0.56883
ML02	48	F	376	1	42	57	2	1	1	0.695536	NaN	NaN	range	0.56883
ML02	48	F	376	2	38	62	2	1	1	0.337719	NaN	NaN	range	0.56883
ML02	48	F	377	1	40	59	2	1	1	0.474316	NaN	NaN	range	0.56883
ML02	48	F	377	2	43	56	2	1	1	0.538157	NaN	NaN	range	0.56883
ML02	48	F	378	1	47	52	2	1	1	0.460868	NaN	NaN	range	0.56883
ML02	48	F	378	2	46	53	2	1	1	1.370140	NaN	NaN	range	0.56883
ML02	48	F	379	1	47	52	2	1	1	0.672534	NaN	NaN	range	0.56883
ML02	48	F	379	2	46	53	2	1	1	0.358172	NaN	NaN	range	0.56883
ML02	48	F	380	1	57	42	1	0	1	0.457827	NaN	NaN	range	0.56883
ML02	48	F	380	2	41	59	2	1	1	0.350157	NaN	NaN	range	0.56883
ML02	48	F	381	1	57	43	1	0	1	0.456698	NaN	NaN	range	0.56883
ML02	48	F	381	2	37	63	2	1	1	0.367579	NaN	NaN	range	0.56883
ML02	48	F	382	1	45	55	2	0	0	0.768900	NaN	NaN	range	0.56883
ML02	48	F	382	2	52	47	1	1	0	0.975299	NaN	NaN	range	0.56883
ML02	48	F	383	1	52	47	1	0	1	0.508948	NaN	NaN	range	0.56883
ML02	48	F	383	2	47	52	2	1	1	0.392875	NaN	NaN	range	0.56883
ML02	48	F	384	1	62	38	1	0	1	0.339331	NaN	NaN	range	0.56883
ML02	48	F	384	2	48	51	2	1	1	0.454981	NaN	NaN	range	0.56883
ML02	48	F	385	1	47	53	2	0	0	0.346374	NaN	NaN	range	0.56883
ML02	48	F	385	2	61	39	1	0	1	0.688839	NaN	NaN	range	0.56883
ML02	48	F	386	1	45	55	2	0	0	0.343818	NaN	NaN	range	0.56883
ML02	48	F	386	2	63	36	1	0	1	0.747841	NaN	NaN	range	0.56883
ML02	48	F	387	1	47	53	2	0	0	0.504494	NaN	NaN	range	0.56883
ML02	48	F	387	2	60	39	1	0	1	0.503706	NaN	NaN	range	0.56883
ML02	48	F	388	1	37	62	2	1	1	2.234519	NaN	NaN	range	0.56883
ML02	48	F	388	2	45	55	2	1	1	0.466634	NaN	NaN	range	0.56883
ML02	48	F	389	1	55	44	1	1	0	1.438613	NaN	NaN	range	0.56883
ML02	48	F	389	2	59	40	1	0	1	0.534638	NaN	NaN	range	0.56883
ML02	48	F	390	1	38	62	2	1	1	0.492225	NaN	NaN	range	0.56883
ML02	48	F	390	2	40	60	2	1	1	0.357405	NaN	NaN	range	0.56883
ML02	48	F	391	1	43	57	2	1	1	1.162911	NaN	NaN	range	0.56883
ML02	48	F	391	2	45	55	2	1	1	0.506475	NaN	NaN	range	0.56883
ML02	48	F	392	1	54	45	1	0	1	0.461650	NaN	NaN	range	0.56883
ML02	48	F	392	2	44	55	2	1	1	0.360599	NaN	NaN	range	0.56883
ML02	48	F	393	1	39	61	2	1	1	0.470198	NaN	NaN	range	0.56883
ML02	48	F	393	2	44	55	2	1	1	0.557855	NaN	NaN	range	0.56883
ML02	48	F	394	1	46	54	2	1	1	0.658136	NaN	NaN	range	0.56883
ML02	48	F	394	2	43	57	2	1	1	0.381553	NaN	NaN	range	0.56883
ML02	48	F	395	1	58	42	1	0	1	0.423585	NaN	NaN	range	0.56883
ML02	48	F	395	2	45	55	2	1	1	0.509789	NaN	NaN	range	0.56883
ML02	48	F	396	1	53	47	1	0	1	0.432479	NaN	NaN	range	0.56883
ML02	48	F	396	2	45	54	2	1	1	0.364556	NaN	NaN	range	0.56883
ML02	48	F	397	1	59	41	1	0	1	0.434308	NaN	NaN	range	0.56883
ML02	48	F	397	2	36	63	2	1	1	0.458863	NaN	NaN	range	0.56883
ML02	48	F	398	1	38	61	2	1	1	0.512576	NaN	NaN	range	0.56883
ML02	48	F	398	2	48	52	2	1	1	0.818377	NaN	NaN	range	0.56883
ML02	48	F	399	1	39	61	2	1	1	0.432804	NaN	NaN	range	0.56883
ML02	48	F	399	2	41	58	2	1	1	0.479774	NaN	NaN	range	0.56883
ML02	48	F	400	1	40	59	2	1	1	0.372017	NaN	NaN	range	0.56883
ML02	48	F	400	2	43	57	2	1	1	0.391022	NaN	NaN	range	0.56883
